5721010
40824136
95607161
62823135
52938137
35478918
84677536
16840523
57551198
83017725
32202907
40135366
74970331
63824894
95974691
90188820
64703291
3028998
43557818
21931840
80247191
16359487
79318240
21284948
71291035
11766203
84990259
89563427
53524489
46342596
62407609
39311492
37739167
93351811
55235302
54643460
10108301
47482980
7367481
57575061
95417687
39473376
25853424
5574868
18342711
57599029
22962031
84879245
12356055
9758023
44362865
93685048
36117179
46382964
71827495
221362
6858214
95192481
29517878
99925737
13749920
59374238
27926741
58626456
45647847
80499651
85068060
47905889
1934732
36887181
7203221
76245175
88817760
86853884
49880718
69265950
39771554
14337117
35449814
54209160
1697483
82680375
95625943
64117237
77365927
50159045
2511759
64935310
93098
72027622
29736031
3313823
42242981
23718748
34452695
71235991
50210660
40779730
43557818
89342240
80497076
46188720
64639971
29486438
90711835
62493195
26502603
76596901
95196229
49924551
71772768
32932738
40297626
98241720
77512082
42589085
4582632
41833921
48872988
653789
74685762
12269073
48605187
83822469
23572347
7020183
33553014
76891188
19175130
98988707
71821871
70563903
8199914
84740166
6739484
84731643
55992967
59975718
38498678
57055120
18432477
9327775
47614659
8281298
65250629
30027994
11304482
24954115
18675227
53698982
69122589
221171
87626758
12103606
99768518
70733148
25699603
66617591
16809090
74046205
85974139
58579400
8179967
1926380
55340855
34268965
48615916
73247731
66680732
92484595
61212783
52376476
89012382
75451521
38985651
42649854
2652717
57132403
42664580
61090891
95104133
52396235
7405924
4418805
99983880
56004149
57621836
32349792
23431814
49273889
93033039
97256796
79475131
34065306
98988707
16824345
53900307
90544040
55992967
42196318
12604136
38979339
52346867
7399222
23937246
80543925
12113489
79891858
62823135
63103830
4397682
43540921
58141763
82693550
35453342
52703814
36349791
16149422
64078395
44379747
93381144
97937697
9242075
13749920
19909573
18124819
53856312
78387277
33071176
70714340
95302893
63816410
17913039
98851357
43912596
90395364
48177136
51690351
12604136
88406807
1984553
97020070
85956071
39709758
97726183
77151411
84000340
82607801
66423366
27466850
55749945
24618386
58728839
68294682
41134540
32113412
74922627
18940134
66493476
95829476
91647977
57426999
45443107
61627030
94192057
46696128
53576578
50262639
93406365
54495335
7769266
36431849
73855266
39953005
25437600
32596052
68268438
69086442
27159365
78182755
14563616
30620750
86687269
100407197
60876412
87881134
87041828
69989204
48202432
24553149
52723466
14362548
46182337
73489435
78946303
98907079
41697381
39946897
15066975
9914822
41003647
29333826
80821323
89312984
86330392
99307402
44686087
87161926
99035025
20439956
59887332
18264219
76247894
97677437
48153829
36660439
63655700
41151434
32044688
98988707
39220121
23753439
60487492
64650205
50634776
39602347
72244487
87756915
27779107
80543925
86820487
93648617
47001860
69360504
10406326
68152171
33108284
6024415
58987460
65804158
4601709
57334638
7521131
84716479
96300362
48153829
14778501
84758212
78699891
74059923
97419526
32328119
57266462
20643267
69270969
61964490
81699956
83119395
63098356
91647977
92875553
67292470
16177588
58851413
78067415
20006626
65259282
83236719
76345811
33842506
33801755
76631811
40779255
24564657
59759783
85182465
7098890
62795367
55863750
60713962
22343872
53110531
16990355
36693161
74880636
71863739
6171967
81368544
39946897
3627466
47134362
78176508
50578103
78573352
9088284
62588117
77285150
80322443
50386438
2456098
76327145
34700618
15647017
8094737
38332424
9203030
96362172
56324807
41959288
80584600
57109153
69038730
65070920
63201622
21128595
66386615
49579065
20982486
43585889
58858217
16324534
89071484
7617681
5918500
45059425
17488626
27863937
23680246
83604993
39243909
58267783
67875946
93769472
35950732
30099252
97927999
28210641
84974294
71647804
11135051
23585726
85956071
64798735
6304759
1535271
12756093
48557856
37604176
26839870
34306702
78176508
22208853
57382159
78010715
78775697
38200106
65937412
9058622
71394404
31997704
4498992
70479951
77285418
95731254
42707769
42503052
58421226
90042329
57843744
9203030
35453342
10932961
26700668
86864903
76436136
87881134
95210725
97084301
41415396
67148066
27333013
29243736
58374578
40119692
10567578
82949518
6948375
50891887
99983880
37237062
81956878
95843735
6183473
58215351
85413590
68154999
98869601
17366224
68683358
10705875
6868630
86155590
82949518
32071670
93083449
63672740
94322452
81956878
42125216
77826288
77826288
66775026
