30826008
89633377
13829937
53673916
11510021
24858080
98806537
18788279
40004887
49396556
92896362
28042394
69134298
52478947
55967111
93438055
39677570
64433773
51665876
61199803
91318155
31017957
10951766
17398372
42355712
5273670
55783629
24264072
60442131
12998951
10344420
76493552
84723266
41849204
67439369
6044496
98418319
86368804
39424172
77414105
61121398
33777126
685782
95419836
84734311
69340482
54788317
72987100
86755073
15407679
100465222
47143287
5929774
76392128
23957300
61519622
84198371
69306984
39375230
88831733
85466479
22261546
42675817
45780318
28153252
37450189
49134666
54655092
10543310
17147935
71680115
39306661
20690821
70629283
78501917
23074524
3731420
24132856
17600812
19934608
100410435
27709387
85975140
34992729
96621856
13747960
56924474
20446655
70138675
81505848
75920385
6465032
20744645
23619627
22920000
71014160
73925737
67749032
51665876
676614
8193508
9133606
92050450
70402007
56328228
23115843
14016769
32412014
14229789
62186913
6561188
95134626
91024822
29223054
33807791
17654093
10114913
47830940
81727603
73862532
24126864
90937801
16902013
98763350
75533340
13886428
8535796
39711822
88919466
97528289
81449579
45391935
65407306
70787288
11089173
62245241
53718240
26527179
65326596
13542478
60476864
43493002
75466154
69228106
26401666
71853363
94502030
69610243
48127422
40381026
93969823
50502719
61451659
26725163
67721292
33739074
80299739
19095516
70334878
5258911
23330924
84793121
6719392
19891098
88669210
53649541
16270587
77246881
97622002
26975304
69104516
52292866
84510465
81038343
55373235
18282727
21523985
99692608
35774798
55984065
41415798
84169490
49023279
96308808
9310463
99857402
14650712
42187892
55633526
41139924
88237035
98548236
5240628
76134510
97528289
68245711
25551921
99644033
53718240
27870617
60578754
38788248
60872632
18423463
73273804
57413623
34367546
4231200
53673916
51794550
36562088
57819532
62763547
29414650
9985610
75511782
4764230
19457982
69175794
9157307
38999519
37533303
87056448
85466479
68828535
86607101
49913163
91314318
56474625
37892682
94154295
77894488
60695873
93514333
78692838
50176329
92352945
24026924
60578754
2087761
86478967
24297489
90052715
79459122
79097670
36335067
8686435
26827913
65702160
49211054
91678945
11978017
13092355
72141774
41226742
25482902
18398661
47022695
29684541
96342878
43576253
23494062
4473272
9676376
98080448
19964516
71845881
20239212
67999261
9118876
88518056
12734129
27335639
37873217
78976529
81141958
38696780
75765057
96448678
49786619
25936264
33243614
29065302
44912099
51506203
59827810
30433943
87312445
16604366
34736029
35698574
9341886
72756402
76372461
87970555
76559794
68175451
82672081
13791008
87547113
51339194
19590261
99463386
34290639
64063472
220603
62102988
20080531
8260354
85808770
76177646
58135020
2156453
63701367
11019704
25417991
25707966
97263447
22032856
97528289
8450459
9508575
59570308
47052867
88539757
52315114
64272748
95734303
46195044
57413623
47292850
47609593
72511044
45368897
65093815
86221573
6002539
23521048
88351568
20650581
43775108
22669722
5379925
33561274
26862524
11019704
47677459
16162370
4622214
13503328
37625964
100599121
73700118
58886024
10520012
67952912
61819240
79021977
78704688
43576253
59437456
24084859
31583733
88039158
83931350
89370727
1991751
23677246
85398217
30169705
45875497
98166259
43236317
46187565
92786543
34047469
65892500
33874181
19825726
16340536
33971228
45531141
66927779
15705656
21467354
53226257
29949488
67070309
82672081
7036016
57930676
75429816
46259012
85867852
55010671
91719172
13608880
6963719
22682049
62540200
41937742
24916649
74636110
65023521
37050883
82457484
7252240
71420943
2829636
87741323
20065326
62004815
17252750
95624289
79966231
20841546
54493079
48513233
23321432
95175236
47540429
60189588
61940566
64983297
100006178
85643097
49808440
8035347
65385445
78836934
92483950
58565559
85407994
15588541
21642502
58386594
5674996
43915953
71189287
8770705
86832445
90052715
99356177
17780749
16996583
10375177
81909848
29764778
100246025
49074188
75429816
60403748
29033277
60620772
86882803
78084424
70548636
8975879
33704358
98549354
66793438
40497304
76523553
47153774
80045016
31467224
6508257
85623797
80465642
82457484
9985610
11471446
35517517
52756108
64203185
59827810
97805498
92951291
2280378
90900595
37873249
59788678
55626568
79882537
75803583
62996622
18719267
93092322
9310463
91760949
84586800
68670268
5272463
4987163
19053362
37043437
87220419
18692375
86046532
90494481
29510772
16547398
62996622
85701201
68757347
69270913
42094286
84586800
23027752
57087925
57087925
66977874
