100854924
92320224
31659993
27406352
14702281
83291523
21550299
81146244
35480919
55494148
6220862
74764842
35549900
32117028
97749147
43385331
99315401
95718714
81376951
73819474
29326515
97238090
25804581
89003634
93676853
14767213
85477823
37788273
84509173
39159596
46686535
41903729
103867256
77209388
15438105
2394520
35793771
105018261
47169579
44531462
80327861
28391660
64178982
37080471
104741142
97763710
10162580
67141218
105308381
5603009
98947444
84593203
62213299
52296244
9134534
27754696
5159352
159600
157995
25840607
33310552
85148534
10410252
76568459
21644058
11074437
94634325
9159152
68658577
38874719
83026211
69645736
72380995
1054961
101642438
24574635
12528835
13551682
36776982
104644803
97517752
97932508
98339913
6088726
92292334
92536243
10753877
20651903
95722362
6079560
83054065
46385003
61091307
17401442
82972886
25751801
46741976
9803300
81376951
24180113
22562786
26245379
51834851
69270134
468895
58115500
21326302
18297543
66311098
73148842
26674472
17186026
50883789
46909920
96329976
29922964
53422822
102755399
32109079
31467707
101606542
17406446
18227026
107516390
77735613
11895778
2873926
55698494
54058924
40043186
17625976
99656954
50111554
64465638
5439428
106364786
81247140
1926615
47269350
34397562
99139589
71261759
72183286
65137854
6561424
46453833
67166656
46199375
11375910
18656543
60086344
12406960
14791650
59257141
48146097
69688076
30575712
59687534
61314408
43549112
27174009
44737080
98190233
106977606
16126228
104241192
36717555
69504558
105113666
64321102
28391686
94388401
97685693
91482505
52880994
47004488
105695458
32436299
73673837
99802487
69474456
50856790
105527617
66984569
71793923
94850135
91308509
51408971
30546042
75648812
59608191
4570252
16885002
45447785
40043186
72926374
83420774
76257852
81247140
21549515
53819338
59774214
12068294
59137130
29954407
105927421
95801180
23385698
27406352
90083009
91171559
78370855
63209462
59242264
610443
29729932
24426553
94921510
106314020
28872979
4660571
104312098
5640522
33310552
81697806
49123536
56207722
21328028
32198173
29289632
96001142
83948502
59067332
23020688
34848047
103885203
99946460
59772860
53819338
66656908
8148247
65316735
10247723
103844966
27475289
45622971
4531089
30068102
51808101
89971386
22685581
80317175
72233190
65393721
101825024
21637068
1470905
86151248
62837753
106204147
80947824
34902718
72253097
85847014
5015844
82289378
78605012
69856955
15872171
5824612
65290524
48955680
101407665
68231530
67965068
76228351
66084090
98673139
48568547
62745497
70792775
9335656
71811998
15528
79841402
66685874
38242493
64591779
92992463
70345171
104589848
15217932
27420732
55978516
24574420
71051617
20166250
59666894
65232553
56399763
33423231
6819378
45476693
86929871
96167328
90695993
86526810
19483729
50369112
34325481
46811599
96291509
78879224
67603170
107479842
43091071
62801473
56197480
39048841
40043186
97701078
7426767
90863468
54222291
56335590
102035908
47136209
43349900
71005546
105927421
51397592
30930547
16522951
29351138
20107644
67010428
45841607
57777408
20114086
67823553
18570669
6483184
17666162
53479470
15551387
107479842
106066572
44815766
45007668
81274205
68771622
49460594
57897620
63532723
15093022
90972480
85397961
81715422
4058644
80947824
61705208
71566752
34659469
86245670
102237413
47426422
23391577
27913198
39368000
27162738
43786279
74402066
63277980
47647989
43539578
4197094
60406674
21421477
18964972
19217484
22217236
6495501
10773859
69851255
81854873
36454745
6890609
72043932
59666894
97897132
88234600
74250039
20044123
13434726
105819119
364119
11410357
40681180
60639807
24392628
78092491
20415821
23217746
26056748
92666103
76959234
62674772
87588462
68737032
79606084
106463658
85386156
34766532
82529713
2248514
5582283
49104652
34110847
35392598
50592277
32532818
72839056
90537433
71349393
89067234
20215792
17373671
36255625
14477223
103354678
77409822
64758122
53091461
91880325
8505656
73495483
87875704
86029348
32861346
22874663
10909150
10247723
671900
72327018
10383246
1709681
104261144
2172880
103785663
95026553
74250039
1998788
77108743
42875087
72937132
98284532
85654970
14901847
65327892
95348066
30869056
93685076
62339267
83982233
92391329
100755702
21407366
57730875
29142126
76959234
610443
24814498
75731867
74362990
53945286
66685874
101819478
71167077
59989415
22675526
42426777
20360557
70511661
94287907
74405436
77593246
37933733
106570339
71793923
2937260
66659914
50723911
87830704
70224892
82665709
26534560
74278269
75572553
91872808
21189046
49009709
70013580
77593246
62058354
105550378
30963466
87943379
66659914
44591481
41774147
41774147
68851633
