100244054
63249475
60438787
275629
68748218
14869839
74266926
98469492
66552997
53476886
59463850
22000757
95072936
45534893
102742752
89862603
46016286
87541643
78129499
68846765
1311940
30491862
5423798
41786374
92056259
70937552
13505434
79272017
45765986
80725819
1733265
51442954
52097458
6043836
86021342
70780804
106487384
38353970
82372298
54000589
90937225
15750078
100529708
86828786
56443425
53796367
53016562
94445005
50573818
37346663
24119891
106487937
22798181
660617
82050758
3140364
76140857
91209851
51242910
14894366
51307625
15208719
41750334
25618046
47085654
51947791
20031401
10081039
26491280
52196497
48267891
93782280
18573647
41249792
27937779
60926806
46386950
68476332
85016053
51932302
22531717
83784096
25454470
57165941
18458380
50640156
24120075
93145789
13890275
83634825
85793992
22158757
48223853
89764001
8224588
99159606
63194966
85287382
78129499
12050216
19806887
90463189
49217990
71386005
64661596
20880215
73068078
95113032
106906618
43491902
99697709
58099084
11689438
35021358
38663705
83146089
46062871
53667868
32479275
30054892
81959876
55935207
63783218
33683144
6098881
9026595
40627210
35057863
98018593
34955952
48717206
15867554
99746637
79171784
5310100
29002591
88291357
50739268
57048223
102572484
73867950
6082200
88580506
5981463
86694695
39326915
11215839
28786556
9278539
95729199
74894334
103141140
91599365
75572145
86781426
35494629
71626205
29535369
39066842
71833387
38749528
36311613
69115958
103803783
24427858
95548856
43040825
50311625
2677526
51087810
63228339
86773250
83616261
74316157
30450845
21138097
79692301
26012228
4555066
32082249
92067450
59136873
85340170
38203104
35604295
4204426
25371736
6116049
13583219
9693121
86505533
33166964
38320168
105869574
34955952
11101504
74836710
5470845
88291357
81221343
27149539
90731423
1769615
96070316
89318158
69778086
98025416
36596456
275629
18397081
99412074
26986242
97217499
21946206
40638874
34294468
40958713
56234913
21703987
48687250
72496208
81441215
32102927
51307625
15831852
26146811
54838316
85712674
80935584
3065766
24275849
66003499
27864053
81083554
68766876
20622123
57966036
5776416
27149539
77290444
75483467
32797412
20658562
3053559
63633816
87311540
89341320
37638253
16507606
94787619
25068162
24462243
93062859
101794459
2733671
57258990
94544191
94248579
49866441
43685919
60221513
63788360
8795219
87862688
57642713
65730957
8496190
81053438
62725864
48610875
20307998
4653555
96864378
64754291
90692345
34965609
33338295
37600841
76114149
79746034
72806774
42377757
6514397
70179865
13900782
27420571
54254075
104289192
95686389
7300647
70073788
91647338
82747738
47710415
34922998
62799852
32489901
80800565
48552040
25691215
20110418
55289946
104311259
67442045
72919684
2963277
50761377
105820509
69084430
86617044
69130538
92780085
32159022
34482582
54306057
28223038
75413254
101015233
48493857
34955952
11614462
26107431
87063029
56118715
57807336
64450894
19151696
61720495
88018711
69778086
3549505
101383184
50621086
94096139
37237917
48636664
76208487
10434798
41595403
18160345
60326001
11673901
33373778
89825758
48933398
54306057
16201450
933036
93432165
40733373
74858706
47676326
40724026
64110102
107455712
34053514
70223974
47282075
39252000
60221513
105692231
14108792
44274207
58847990
6458114
104459014
58269618
68670215
11554838
61093908
85933201
50185996
66733545
40012536
5129657
85546279
88958076
54530486
47448036
54727751
96537423
105881814
22364761
60873245
15900592
63834603
72473925
33808118
80800565
7760723
24312013
48754520
67119251
66060778
69602133
18296710
20388618
82481143
56019344
40707037
38411694
78302513
57429150
88298714
66168161
87507088
43535597
15382645
9510774
94025024
78870860
42770837
19871183
10584874
70479733
24168239
37724305
79913801
9372243
78142901
42529212
5359833
89339437
71143449
107238152
104954174
49241046
93979072
68281230
96337577
22177662
32293479
20757256
36549571
30714785
97841546
15289116
63952558
62478113
1400732
84805664
20658562
104400540
79984349
74942146
86276703
45983302
85075232
94394058
54405202
48754520
42125336
88548747
57069903
32828120
53876179
23045167
51140784
73007953
13202765
59933551
36894515
27316646
35371617
15614045
74214110
32008455
34982411
51023600
87507088
40638874
96260978
29430579
34874966
55308031
27420571
32667162
8271869
2255875
59001725
28392237
7896856
2973295
38264340
80427382
27246769
30050263
75413211
35604295
60423131
88586375
33501643
24464729
36204649
92417836
32446143
100851788
105979823
30575697
26419774
96658636
69383853
27246769
102656125
38674610
6535156
47080270
88586375
2469512
75658822
75658822
104206132
