101460069
120944589
127778286
39952687
28317945
111497447
65492750
73426814
63060811
19225544
40067969
73748563
103103002
105358631
62194591
55645805
113758834
104781391
17082189
110777984
136715084
60269163
84760424
28350621
81677894
15123166
110653709
11383327
17520593
123225808
60612911
99608587
92203578
110203550
53245265
133294289
81680680
61749771
47294366
41990276
14531659
35658721
69400172
89022190
2384327
66236630
69775570
92082065
136611364
45976564
132652908
108529243
53286169
48878960
110362350
46671632
5531605
127974297
100776916
29154342
2156100
15519745
135134109
114238592
60171056
86518863
52255770
71219450
124533642
49184715
112441168
71096739
120205728
57729080
56989717
36401668
62454521
105416473
134627122
96720193
138525032
91417453
76027149
88596701
15487157
129158527
23355205
24657296
131368388
95344320
57007514
105428210
90191984
76894746
128659245
16518972
82662588
99283258
17082189
122082802
117658318
127381669
67246832
100595962
41174603
48030654
97265391
13964721
98082200
41490950
117305626
91796499
73475410
24371278
2304220
64372364
46498758
64455913
35994678
100235506
47107537
86027379
89037051
70476233
20367121
35228280
89951776
52267232
63710269
32142474
113659020
45904189
1825038
15413709
27712009
80848911
74508588
121263448
79008264
29232764
71438478
1341174
118963422
31048884
127544569
130555084
128335476
26543734
66595625
81043202
76864953
79542814
124626576
65776967
33635652
102788968
122613990
78434402
81028041
125493050
24055037
94871889
108692092
80907490
8783916
44386158
128707849
45994659
21690333
25858450
86142509
132512125
126236394
39623184
21720106
27137211
119489360
135380203
96952724
81217623
36770058
37024642
104627248
20645412
15873754
99567026
53711751
35186249
53035467
54309532
33740000
80205002
34956821
88051675
32142474
114653143
96181383
1877601
74508588
30329445
137599071
88207059
33405929
99365988
80981761
75957489
139198062
42620693
39952687
78295180
54694410
135647572
36063851
30426278
69354724
53703267
9598720
69064198
123068522
45298271
37515848
115715702
28545447
2156100
127083304
107099860
97953728
106661383
100145703
129156956
11878483
73973612
71182909
113818970
15634480
65862602
105213389
1216599
137599071
106733125
121996146
18951539
110053636
99350203
91192520
11698766
68911793
35564893
26939110
136957732
34776125
75904262
124829175
134935976
111999351
36311368
107157554
80236798
64892851
133395842
21862430
31858384
3155202
73421702
25402131
95145237
93065485
17117432
126451635
960182
101014443
132291631
126198990
88165947
104694063
23120918
100664490
125076375
108507229
11854153
31448192
42121573
59995249
5395086
11850052
26302581
85529713
22782921
123466242
136605976
22360938
853449
121127977
55397801
23978524
41428914
45045203
51421451
78480868
102966971
10299908
24064753
120406084
111494351
79707018
68006058
109403453
69266297
33468511
42217735
648631
104618431
63997848
119753501
21731533
72046537
19919925
112016815
18780891
32142474
38892666
19437784
36475700
80752181
128946896
123827695
139191665
17292025
31458377
75957489
32873156
100918877
57134569
80020293
49088988
45277776
95625141
79099493
38738279
93622802
41480462
14636662
68051207
124060209
630621
21731533
106421506
71073794
52829311
118896182
80365445
80370672
113308220
49696220
68720550
102781939
94718341
92584919
107340804
21862430
65969022
132343940
127088302
64961052
20861944
37596171
28560057
120297492
50438799
68727372
66518365
92797082
54348420
26179567
7423169
44418103
132450676
93166927
88860351
5583951
10961408
55605554
49115541
137383352
100631295
27527744
11258287
56299759
51421451
103419869
134290199
77604643
652576
65854163
26103437
133664717
32462704
125253634
71264794
7211283
53210085
41143116
5442241
100964720
95566642
84309476
14173096
51576509
126492331
44598818
28199588
54208112
64540854
130875937
2734265
59415045
111656222
70599109
93424934
29267277
6028446
2295399
71072298
35240650
68392340
123957526
14411959
94486555
125454996
120668660
19482049
68302180
74158015
116899682
54073540
116834819
40877646
74016352
74256604
129836720
87406796
110053636
110228699
2376574
26317733
12149106
48723221
133378814
107189713
94660883
77604643
38623440
49404003
135805957
127029194
118654139
74866750
12808053
9409933
133191262
116476886
67261768
86219905
33039155
117086442
122116179
108487123
92591724
40483601
84309476
69354724
12178655
119957147
19530092
24565555
26302581
67867296
117270629
47636536
67826001
13301917
48334185
11201662
49045777
58582879
44705182
65259091
67031188
15873754
32606871
43723617
27762072
15029062
67891810
80203551
55986552
120177446
112891661
116528447
131201948
89666248
138515425
44705182
64096332
105934097
85051008
12821985
43723617
85344580
84848787
84848787
94899842
