80252910
49915537
74719102
6140456
62904314
69135345
26819370
42376906
43224912
136698468
58051627
117339643
109246335
17240698
75050329
14081123
62514994
14689386
29186972
94000399
41317121
11012612
61363850
27094493
85242588
109021326
65145911
73200759
40402329
120413920
69476653
35154946
86406954
132783036
118261853
90846548
74168513
127050797
106721528
98083051
108403401
64502217
136624823
89109531
79008121
7396008
124490774
117975525
85156375
66398537
63309134
53172229
133137681
126409082
52178405
114697098
18046560
137070500
64970744
92083052
54280624
117881281
66656450
26185693
138994806
107315802
58998059
120855860
72168895
32206120
17133241
74496420
63739455
113883589
37750211
96656871
68548922
127858580
108558138
138001954
55456239
136292439
47294102
129512584
109887733
53857260
101346612
17033773
18854564
20149281
47744481
2265668
79713975
17847507
19069834
118383151
8933508
18422206
29186972
22893563
134564845
113836486
136979787
17562576
4659749
28396594
133228110
112361355
34349870
14661404
74972154
70487163
82995259
97808329
48382627
83621382
14878849
85121881
125700534
136295138
73863177
99346600
60299754
136545984
63952340
118833220
96424462
91610446
39891385
137203911
79568794
22211627
37698332
58495736
59196211
57905354
103287813
115631689
93007603
99995567
16397895
139107886
34600550
50150357
72459107
37692776
117836137
89107652
696707
33107666
19739878
72188641
95862172
23726843
105928974
23082862
85565936
136329795
22136930
58641259
81419880
97649026
65279450
29992363
31503237
119793743
50626780
111443822
87927047
13292391
13960870
27685717
99054033
12776777
98606380
61424418
48106138
59413503
99871652
72300225
110411068
14582812
128990861
63021310
21414975
21105783
97885027
24127474
118051078
122345564
63039582
14020756
101236591
130821121
137203911
20673139
81256917
82539373
103287813
134629090
66858950
88760704
78381445
132430550
101983592
117567669
21385425
133144814
6140456
8070917
45701571
46873203
120831932
7445976
5587427
135064621
5559151
138302471
41413401
61771054
52558480
120767957
41780369
54280624
74771579
2985176
80742773
26059743
50071992
53968779
40126814
75426624
83346478
45595849
30723887
24205718
66324004
112456897
66858950
52185418
9088962
59013847
69815805
79402526
36603772
1217110
20171225
34370949
109921333
47002606
108024480
26868141
100807979
9300826
115174252
55599107
97659612
90072223
132089946
124707935
126944220
69112511
137777826
39505661
106134199
42535688
126916605
64376134
124273621
68491377
131843499
68316289
126931782
78504512
34817545
22801747
22086932
58613789
106548212
63374274
59352944
57047106
129194710
58668601
36795185
100561073
117087427
115761934
95312088
127106233
64650802
73034913
108759335
94988460
90892286
122002234
26442196
109031923
9962339
30218296
47384106
43409724
105068078
126739366
79932740
8474841
25342930
123442998
10232531
2261842
74520471
35947631
98341178
81735394
41037277
69381730
23451518
77083121
87464591
137203911
24141173
37877311
85848161
80637546
104341875
27978629
119768797
26721486
128760457
117567669
42159821
103489234
53822498
96314297
138736682
115149971
2858285
119340440
24719374
59304272
123702063
132565070
81344522
5275312
14079340
41037277
112230815
6164928
68220177
34318534
3951683
100360879
134014516
89528490
75078165
8902617
34867757
104175476
84592263
126944220
82542451
115324344
104686611
46207722
90981235
55944507
49002391
4847304
23529793
127608901
97193740
20814110
41740651
80233847
92817559
135090145
138739445
91097061
70239123
50766024
129618237
130358743
54075687
97938207
78101993
39062500
101172174
54224974
109031923
3895513
83241645
53515742
30533426
5708106
2416573
116700176
72118275
97252790
4518743
69837393
87320688
16561009
128583546
88137822
36847412
29818603
131935747
1024538
110567362
67763682
108226870
97714269
1852567
131752439
75647790
58198491
133849373
105986815
26133712
53503744
134440611
73321614
131584721
137951785
92599710
8433592
70983517
83682436
105708608
122184732
18169642
66749523
137755195
43011795
129949911
32892391
19787391
137256057
131734072
74269890
89242262
69815805
30585695
45910537
3693331
115831306
100848119
90132858
97093419
110296698
53515742
86428410
68533170
87301105
138954871
68601857
66360781
21810469
38357428
128173750
106288873
41502034
127343011
79543107
131555279
138914270
73436512
35645901
121430741
29818603
5587427
87506449
93795727
89671826
99593894
100561073
74972102
124328659
108923864
2462238
99610154
55183644
119336949
54208133
109150180
3163
11145391
107294793
21414975
44418627
11936796
134506715
103655115
9129694
38510417
28622894
13719606
123850331
24888096
1206268
121399716
10128009
3163
110667847
47702547
62796413
14054349
11936796
36893566
78261066
78261066
52335979
