113809457
155531833
6333999
49492079
33912371
100096164
35548403
29539496
141379070
68770041
867710
150964207
96824399
80772466
98673799
46848283
72783528
166908190
22924413
140478410
138515986
102987787
156072836
39241220
70258190
108895681
116613407
101659906
122369326
193408183
40266222
71367166
148138870
136690242
132416841
81129529
31847954
40239152
188268251
146433702
161918655
163962849
13108587
83692741
64978048
189213893
57662226
46279832
132562990
141763612
189725881
170328933
60212713
193384789
20400367
116715267
62635233
74506790
84380923
109374448
82090195
85475963
65072421
22571833
126953975
132420548
3486317
44736128
158840298
38081119
79280908
150142206
116165894
35182445
22834749
187877023
16975637
127119280
19963097
36580305
82204359
76362782
116811867
186324809
74820977
159341078
133648670
41663334
8272239
67427277
56777773
49407739
93056751
78337047
96244242
172403625
73457407
165406518
22924413
5145630
46504073
181481328
29798285
75946647
9160976
13653409
27798763
15181388
15667263
124066614
60296647
186254338
96840678
14502732
158299900
153616572
92899669
62622938
80091909
113249948
91507745
50703760
9765515
97178167
171646749
167588233
139678574
181303675
85810468
34433395
84535010
67149582
58925316
31042335
178270653
17556503
33464575
147126064
90921769
172732317
124008970
174413278
78011851
139068939
184193679
90013908
142304663
108740808
84299567
171130821
115446622
51941371
81789374
135648545
145784879
59511480
174221090
106197369
1760029
165389910
132741043
82496792
110121932
170004921
9935157
164026114
60632575
15243094
1252236
73231508
105355070
123710927
33925544
147928935
93212773
187173846
26840324
24125116
148667962
70669395
75082471
117029757
123810995
179916339
136901316
38807094
56488934
49328883
65171597
105278612
38101422
186225884
131928095
134206988
34433395
101091295
99727002
125043599
33464575
73772738
9083849
61970882
101123349
3058154
154607902
180449124
63573715
75918617
49492079
37951778
155233285
28607722
184391152
57731233
73672513
69773300
74435109
58859299
46504619
178237235
3143997
82856324
112943635
82090195
110611684
79723762
57008769
173566023
138045316
140335513
44931194
83020385
16029622
91944883
148649072
83987261
90824497
92486745
9083849
177817407
44350933
21494635
10366184
169907222
23179949
41847243
43226461
4490373
75118620
72090176
113340823
90737142
173995279
185463624
107534678
43506185
102214991
133026305
33568743
15016265
11215905
103214523
161948455
182821690
28079945
93702019
87533614
35018491
140821450
122406528
83997500
15018259
108010366
135998591
110016577
97516917
101845281
27932291
166861527
137326498
140899147
180626391
144894798
92020075
80691081
20400999
59064086
172951730
1136074
176093655
119007934
79340183
130226273
41400264
12464944
88672663
187261088
74435811
155304568
185392310
189586534
71595441
185738268
64180525
57569719
122627922
54910080
183602029
54905419
35163131
176255113
65130947
149701904
31112008
125847135
134634790
184650860
123129713
4237590
34433395
122703006
158695072
32833934
78223297
180232238
33413308
43042915
47125344
179321152
180449124
35209175
5306553
59817761
62168119
171471594
107420945
10971781
154255360
116993584
108984431
5748667
130668970
82808829
82604290
88888670
125847135
151338910
64856372
113314338
187452316
133262744
139359093
6216448
108114775
126731717
175493470
61130995
5682140
128380326
11215905
51062167
43701951
26623867
177805042
183833874
126065511
84824879
118105452
74503070
51092986
75918009
176832147
21091184
140845253
16423794
186190864
18078996
129438349
31774579
157324495
118138325
36282876
167988281
135076278
156543254
84017055
27614363
163548669
74435811
93321143
128352236
38791412
107869811
103642542
129311974
2411305
84630115
103413745
100203871
3018248
153256960
95657418
173155925
172590034
6286516
34197701
99879377
141276135
16074389
187205848
146769250
159322414
101770667
99214256
28117174
110612827
145071907
150548971
160408099
176391676
13350673
68246726
150842272
32018208
33586664
103398311
102527230
61684991
156704973
68383816
56043584
80112326
165604900
48754488
104733223
65920418
100074107
58236527
145550914
110510686
6945899
10366184
91688681
121791316
112974248
50372640
116287662
92890617
98263961
10183077
38791412
133575760
41531718
21616241
138572149
177249515
100162099
18327649
11925310
27681819
21177298
31070457
67993797
59232875
106037938
12096200
126496608
137572837
133509552
34197701
73672513
97161226
113089422
808284
55757832
20400999
23957801
113191649
167903313
122351059
71912268
44503736
48033590
17647730
70812328
128293267
58896747
99414420
136901316
89747527
67885826
112413257
34065537
6263063
185874957
179487374
127697407
54549211
76610396
38178033
121948508
186759417
128293267
101767960
97966320
80868416
152085655
67885826
4973370
146353746
146353746
28484201
