64578224
174878840
104685100
8349841
738575
83726238
36792854
287195
120288315
129478810
24758885
27819905
129957601
114418649
184399721
39435417
139934744
80426292
190217398
24517908
162429633
26267401
8336986
38313174
106332050
71342339
78310232
125942854
31348559
193458791
129363683
102107592
166205588
127082902
187201885
64433613
160637977
74971523
190432132
126696448
187136111
147036290
94376922
113439439
172323070
77847051
156311524
88513658
168137942
34244293
23858143
27923633
106977451
74821794
22237596
43767655
180419307
163888759
108391980
147541699
176272564
162411326
16126738
763277
43778662
584441
4885189
21010694
120687588
84124253
182468983
66113764
118197552
151156044
70476875
8962276
58202189
46824999
127198578
177752339
58431855
121287924
45368971
29205941
68310522
24761459
34118824
22553718
174455191
40659406
43049928
67442286
160180604
141253679
158389941
87443087
82089782
123233617
190217398
37381139
62869481
131667762
79709235
92035609
55743656
65610539
128516914
32672808
51387388
180700334
113058188
95302221
15602091
63848440
40435553
38852816
117040894
37797262
63717308
97774566
135795337
107981622
61609780
46198277
18812415
17442815
66414093
9257470
28844967
42841233
169131734
36844561
171158055
144719469
16338671
24991820
142818419
177572654
135082710
143931322
104524
46403327
8841704
79228092
161201934
67929107
25816145
130518266
142178010
194010004
75607569
172711054
80756512
73366367
26550507
95445935
54596400
182654158
132821414
59744577
76302589
35194627
32560890
7515867
53848695
99466424
48485652
156554841
39266336
161218148
38764062
141456155
191058068
118541346
33577286
105441511
4354822
184955264
8250775
53892490
22314865
175534366
82428964
28830506
150213029
52353094
63194648
35428319
49931937
28291301
33731736
35674017
17050961
58257725
42841233
33993064
68119538
101678752
142818419
35197533
193011805
192349910
75271562
174763168
138387809
155759289
174934337
139404983
8349841
78219367
177399049
23370264
92760499
140400881
56161371
41951597
50527686
43001115
49229382
189075693
143731707
153207440
62639846
176272564
167885045
93254195
23869740
180785361
136200078
148130704
91421033
74963009
128118633
55966315
160248812
41968440
88879926
133263001
193011805
190312868
140447152
16161634
146612854
85957509
170762720
29795412
25424988
174162469
36543247
936834
31336226
179479943
13183098
12876770
29421873
163124046
178572424
166414261
48284906
40290795
174761626
186453983
138273647
65495850
6679014
135173774
163970303
4438464
179650747
56752424
35733120
100164339
58486107
146716008
115064873
126620678
96460551
163627743
78821048
43433227
17972980
84607570
4430262
66460076
124859805
89355092
154504284
25854
164349464
26824623
36080095
69471899
189660202
119905993
101650393
147342252
24574779
189323633
127534653
57144858
43534941
56682477
176398866
49718487
125471328
44956988
130233464
135796884
104214991
116294079
39565917
80174017
95517796
127639008
11571717
140713481
150796798
87245993
69238949
42841233
147686655
8857312
43395735
15393621
146272455
81187592
103977728
34206638
150676623
155759289
158754263
29844118
119418068
44262847
162819641
103592543
143572136
101764440
77949269
121253264
30872676
126944559
128438383
91685485
730737
11571717
188550575
124253946
96222132
154719962
100936439
53453493
189506566
73814232
14263365
134689249
169654326
111644316
51790944
174761626
78353113
130875767
88765549
152086723
19600803
110571722
65143223
124466496
103785664
172249204
75616118
87087633
94798745
103591730
62196024
171492461
13141924
8234951
59493251
180445578
142328222
23268642
30555378
116867290
63231707
151776150
77124836
59719530
189323633
76836744
174614688
169923529
75706690
110978362
160749746
53144673
148025845
191032767
74683378
63625641
158296910
25792493
128586037
121056760
3430211
163401062
26553415
48119913
79624256
187076138
69362242
160025762
165616704
150257893
24951367
11826678
24450935
118150750
155027431
140456704
149104111
183457051
122675029
7503374
175427351
85074735
193031516
10486011
189011253
117910308
93388809
186673164
168745580
95316319
88201097
103056970
16977010
49215714
87794494
59697259
157989009
146612854
55575187
101103932
75338136
109541939
102364664
150761429
4505640
74793837
169923529
119539682
90278299
5718790
95458848
32562690
83375310
46822166
106342617
135546168
4635483
42081149
72571046
69601228
175410859
21108207
48490322
138175601
56993742
163401062
56161371
170573521
51954846
118220616
59683337
89355092
103003989
177660624
13676856
65633447
8353150
175882268
50423950
64317736
118499124
173460932
142255872
37093091
150213029
55903471
22453462
47076844
1624838
66663878
184479452
112511385
62226151
63684290
166182490
152923665
130402050
61231609
173460932
47934602
191168490
59395785
10848042
22453462
249540
114210337
114210337
31539084
