119106021
158179888
75864906
54359859
296328623
9565865
61653391
23106732
120751438
302510840
184254777
101939602
144881965
167428068
294969432
249568384
179340749
209835869
73422379
38371282
202935282
77401725
148233476
168186031
177905343
109750135
283923185
226378836
195090954
98891678
120696681
42344311
59211243
233051779
2979719
104096469
240580096
192572941
148908350
193016566
72380065
295742765
264393176
40888441
184382423
80751824
146502312
79665715
123970266
50437880
293853800
76220142
199709672
231844623
232232119
113762728
44369493
229376469
78232712
93575558
273751612
167964404
157234436
140111635
36907952
55544413
257542492
150558615
34972498
156754256
215492
62898111
239159638
219511237
230657546
18964083
107476996
53039542
101629879
52423662
20320029
82123721
132802343
254368304
8759081
294384771
2262889
101585945
295747459
5545913
252053565
292589015
162121674
113110093
153595961
60584563
63039851
143754928
73422379
113271923
112638364
164222111
35762825
33643480
265900232
115404153
64420840
128725694
80608803
81797033
218732761
13525391
274618022
191749262
8018087
143343310
89146301
237096940
13035778
280360225
266074221
182091427
5929907
91114093
279437325
129704942
22113458
97859188
93034666
171142472
202778255
270059669
91105338
215706130
231539405
7798424
267556748
17250014
61885789
147939976
207399382
61382548
108328589
176902403
101110593
248929395
15259581
51571441
6721668
11069912
282823050
289560450
228001994
249303597
141560848
32535687
304989065
234818702
109554838
213618636
297505529
181459821
81230576
134631936
256987802
179773244
276789405
158927284
4353221
79790050
45768686
261628146
7407618
117963713
298585422
11492356
190039058
152424873
90914137
241324634
280801554
24784724
51738501
158964549
52295747
215716462
170206310
214812977
68207494
161599266
154830128
239009898
278566487
113995542
171142472
290727738
32227527
73145322
267556748
140022216
160488705
197267613
34292745
204024633
64078569
271230915
281296350
201889946
54359859
48534183
227502644
250391850
270634096
209533276
182250957
140596482
291958986
132184158
217959196
268594026
284063234
141840804
29745469
273751612
238272063
98561953
98329261
291998376
89102230
136313025
246513380
241481979
202190880
225622455
5332223
274029469
301628646
122935966
160488705
204538799
22105644
120685434
261053578
109100618
277992705
278985130
72218322
222940287
25524959
191257266
201075106
30806912
192317181
28249594
75844165
125263704
164208879
290293413
297105511
240424879
150167820
48434473
98628357
24251416
281938983
101837419
163763061
295179855
22512806
36854188
183506736
145264048
294626144
176246348
107406454
32544413
35451483
243322488
121616520
256273236
244616736
106964333
304775415
299402053
70037615
195005078
157688843
69236085
108432486
27707519
251656200
241037452
36544412
270577744
80982890
94833311
286366551
229713293
41450526
45170866
93392951
74011774
289600419
301584796
148536745
167844176
172547898
81645614
33379322
291550847
21946838
229620864
24587902
20242461
103579040
66663185
172445477
255677933
111903440
171142472
130611605
168894077
136255996
23997146
274328205
117152677
93048470
252523677
46210107
271230915
179799773
84465245
67782051
46008736
110951375
158750263
138712237
29076486
300090126
128110313
156885102
92973209
166072655
126590727
8628580
103579040
226115843
233800351
116898328
14128816
102691833
9587725
24968975
204354046
286321973
141690406
173575991
256041109
279088563
150167820
11910282
268843112
36259103
262769005
116405277
10854635
133829411
241097674
262567777
60218542
160166831
293019190
256135574
48620528
26429252
154880753
233154733
203137788
117982078
224247126
206376480
80820001
218826414
251277200
3250567
194901596
12542707
88184215
229713293
160408286
200066645
101559774
295376367
201489092
285555419
53954805
220535289
206971192
164865549
186665889
142996601
193547557
69064193
302162784
40146130
35052491
92194593
13414108
209317536
240217483
70411005
143125999
167212237
65098586
243233164
245232590
241207405
141312956
6969857
26961208
62547276
19379678
30774278
285415118
150797411
153651666
198519636
60293179
26585185
123021274
64557675
144653540
82557621
223150598
217332285
230186710
247014314
178673087
14717314
94181928
201556640
261053578
129574140
261108924
190426179
301952390
221244637
37961482
168947012
181712050
101559774
29292549
229580322
95905221
242732067
14944559
99525471
9714570
198730236
111261201
176760960
240186621
246762810
273787832
251850237
159688594
110944758
267723227
249779280
35052491
182250957
248498335
220178661
289182644
174883119
195005078
122337058
209394453
167186383
186616587
281513193
290363195
202405115
273565599
111102566
3929480
71941229
143171567
52295747
41022342
77350373
278852177
37138416
121726368
76340610
52484556
70466564
298568329
189666470
162917081
212853304
295307070
3929480
144705158
73025673
43141671
75009100
77350373
179366821
251401134
251401134
191956689
