172593267
170714330
121717039
36855593
150732204
104451920
27009122
97733992
37315763
280993488
202788419
243393826
55559977
22760047
87390958
232029629
118989247
82934088
273247601
201457311
231906230
179305052
105063729
117325372
132968271
236300666
275182968
58063984
250424321
161787017
211039334
277351269
71098350
104348280
258125743
71318169
110503920
63766326
55946579
258568783
298609795
201488984
6392182
138170946
227177703
100207325
276969864
137389058
111701764
35023012
298495350
86156409
102208585
278468410
25656336
235553290
102145352
290327000
196460710
272299368
239649234
45769560
35335891
243044514
212282713
36081231
287952820
170847461
304477551
211414712
185316221
5028928
122266441
293424135
180688445
290745844
123439927
209131040
132641399
259302890
298313004
186708375
289221916
48975572
260403604
33368984
37753424
2473802
285045039
221206000
29222314
248372691
135482335
52107313
32404080
135584561
37667230
44988960
273247601
284674844
110326922
131344824
247161713
181479827
63853047
89103157
41581427
166736547
227724209
166733498
237355585
7108295
22277769
239853536
294480992
238848321
29941100
225544830
187989272
91000685
268443958
12487193
63302361
141072369
102497549
270507339
230856726
272423993
150509488
178680027
111477137
125617166
225171020
203856070
292358452
268115184
154076468
260477377
114106250
169181414
206623153
273236311
303779291
107871468
63822574
201211252
29669030
103326020
5405462
173954264
28527507
60084439
196271669
125869159
612997
226934004
58244426
63701915
107047325
9325183
100209342
13928777
210710371
37159280
288308515
142053847
11224142
31606361
297616269
157894158
5753717
134627350
285346628
102764629
241186894
66834667
284221864
161007724
236975294
229070481
214316467
253044314
86717899
102024135
72300487
105417088
228002585
55454398
228676628
250018887
235407571
248932760
73953664
11099604
178680027
245070557
117663275
122187962
154076468
69141088
45263366
87682326
80534830
53513173
103417009
12574409
293905248
28437509
36855593
13677762
13667789
209898978
159818071
234384036
161979434
207734166
67426269
75500726
298562656
108040594
144523979
239049768
21978277
239649234
130000019
25817855
149082491
180441331
86106565
6010553
41101308
145175594
163770212
292482497
59111531
244066631
119042303
106583729
45263366
173307731
293511366
81432973
128123666
155332014
150798118
68147715
40350434
281344673
220712675
212655640
96352441
161726422
35178045
286033549
224642150
80327752
278600664
218257411
234342721
20638041
59729848
111890082
50707795
101482753
66705797
51259653
96620144
99528710
44284628
165427827
37234236
80057044
241627642
58599020
109915878
171504279
301523635
181107569
34826495
143367638
157048420
156969312
3686736
54576255
87567519
92334443
246697512
218031966
291015291
260349777
7932904
108350717
139944023
251782966
238667002
260078777
61785553
56070780
59004945
210552771
31243265
21291265
278316670
37626436
249037219
108481837
63497288
204836386
231098245
96566055
283611862
35395866
271777543
182487331
262383159
219467427
153571532
54970585
234343616
178680027
246591561
164505025
288010696
192262483
214135249
256213974
156812447
177137098
19311857
12574409
105870342
300190135
284894654
143407472
113149828
69883257
134183947
203381164
285671827
22296577
178688028
46904859
131093029
295742878
52851079
262383159
132591487
271379884
209428487
228665136
86477684
275472659
39877335
57137727
17479097
32293684
171679047
81424976
251799399
59729848
202985550
209681707
217042398
202065917
25667355
10581026
278935636
270996002
114376691
295044086
222054269
125122942
43032921
194629080
50755884
120344781
124946506
103160065
200876370
139137489
17898269
80899193
209320762
182010884
205476665
43030526
251734190
43499798
56070780
188075811
119263658
121123341
271243615
127796326
192831199
25379469
98749933
70077470
284195166
225361008
150715743
266448857
134356581
208843760
123924962
11216291
58056160
104239367
160478100
153830232
164425559
114869190
184297956
85454146
167858937
121814870
48192678
45585601
19186902
61659844
73494038
71263020
254794412
158967007
157823678
118786213
263411877
286426640
216433029
273210713
31694141
33426805
184840807
29328345
218186448
205264101
16963168
110704975
178971895
55155875
3133332
128123666
9471983
213776308
87388791
252183506
181503311
12784700
280553767
125344951
121123341
85258961
173895973
254838055
48279373
296455659
32387722
157658695
211727817
147148766
108636727
198542717
300347036
41529649
187748453
138780322
68569604
34838618
26985633
11216291
161979434
90589657
52944482
85482489
92334891
92334443
244858770
210275217
255381204
257988564
132046923
195922524
127739040
208307098
294687231
57272232
244269623
33711336
72300487
66846224
153923078
157145122
119682817
241589651
220859364
292640293
119148922
84836240
124433517
217716098
281812915
251093061
57272232
111968292
139310828
266778593
176195498
153923078
95643317
99518846
99518846
157110756
