150581592
21230144
178899554
231163293
188785000
217618586
70385194
111021333
208434139
69701971
142558463
70717727
3188565
273467038
52607242
123205970
153483978
272928685
140577345
261508077
136227604
122943862
99501114
70389113
21591517
125101261
167354629
188551820
36129944
224678267
186106837
172141893
194589037
37446149
287918288
119518596
64805890
62018698
74164830
29710417
103826441
106750880
301820349
189902002
265651835
143116512
35855450
146027238
136323431
248036228
51829977
26497407
181057766
260347452
176743418
135831715
71062823
365292
298861934
130672380
200673716
207092352
15392465
189641932
207909834
266759294
115108633
205292521
146645194
6169637
257957467
277548792
42087329
210308650
283177430
80583553
207788706
100667290
228303530
268101499
199247400
286483893
291271173
222517455
286004544
87785922
141943852
219999151
121012234
33820635
101381167
58939394
143137280
1697020
67288214
218094315
244139305
67628892
140577345
186156683
209928889
286752497
65948367
222561070
14367380
54235582
24353077
179517964
235994581
205228876
109032823
50187265
151344699
161232824
12123020
119658004
150880826
240970649
38706940
137199095
9163252
183031134
7179862
168403452
92325029
296357184
61916188
299883097
15367247
56319689
173639939
217780716
297719571
263750892
10459701
122395458
179821255
245428106
1149570
30091568
269285860
214271947
1226159
141246608
175201166
242545412
220828955
267442012
254195418
7493049
110820316
271614374
216444617
101328240
266775826
271379260
255380398
199387086
260657145
271222107
164720898
80280836
157148448
54963766
171757212
286857015
132830604
153942402
226252785
77284020
249315157
40107728
188936668
120530770
30544131
212842173
262935476
56402032
52745312
297242540
44385464
88092118
171192229
299234646
109167743
219432698
144011649
19738612
274910990
218245660
5346005
179429089
52390428
11126169
56319689
88310403
198879292
158429011
179821255
140449984
126497513
151549455
171276701
47532235
117271404
103457996
229773694
241307390
231163293
176940343
91643291
103909496
186095192
260788185
287006028
114037529
54127890
183002626
17040739
114108279
171363287
32799009
141740283
200673716
184499087
289464783
244167176
36025891
71635442
10163528
124268303
123099111
195533107
1791976
2046348
26411803
20257209
258647864
126497513
282801564
174029743
102105719
207643370
256638080
238072235
208859515
208764250
69187991
167964245
204892123
6707832
200515171
173976700
266973987
93241926
51961859
4236960
103063640
207621252
85641984
14749653
213271702
234280538
128996129
206479897
254277437
252021352
35022002
289123148
213044208
83408864
95762722
168991104
259914049
153990674
295656114
6865995
243277429
91194697
21035253
205430809
275097423
146178059
201392101
70947274
74330798
218407248
121193251
232859944
13390661
31063109
279695528
168083871
280328071
75952318
24966198
301857420
204547956
242682125
231651986
100099931
91313604
223395110
171050679
233451829
17556647
192480656
236333175
27224942
258226170
215648230
248548495
169529895
22082448
217780805
171375343
104048381
169283031
92533996
56319689
166966315
37761570
252501997
14283269
290883111
232475125
243684373
58428782
104473529
103457996
158765975
237783399
200335641
56081328
58056609
96345469
25996955
262137552
32616752
43064767
286259255
105810940
288224477
105653532
245648441
217780805
35045491
264358672
296747839
8592084
219969165
81015965
255429059
101532595
44648495
58542161
46163451
270683365
246061886
14749653
184474754
113607841
130699175
166068512
15686057
236269842
290376172
278683202
262584165
151047210
62367359
8355676
67517299
260114207
173093958
61517788
50493316
69258961
166088531
192802193
8452499
9954276
8243467
28665122
151457608
81244696
200767262
42891508
204547956
156973703
136400366
172813297
296137452
248948736
225503795
85050888
118804836
116842173
102900768
204690092
266348232
305749265
199191620
253281292
182252308
10704415
144396315
105297665
289711665
10767736
167411261
89337187
246899454
262707548
105380020
113664475
41962787
130398589
156131032
271370197
199855847
167101779
281366598
186229582
4984584
130739931
233821276
299647763
141975603
259110376
196923477
190287974
129071578
205816746
262798807
245169366
59652594
11590391
180039643
105447666
93604646
207643370
75406503
299549051
140158171
238714385
19166341
135690312
210270728
241134051
172813297
104093481
198490422
29351284
72197519
202244764
301984912
99861468
179384418
292259241
223447266
119876918
38126105
119810909
216380145
153279805
85702211
249775346
303965344
10704415
287006028
91864157
252371298
239944502
202678294
74330798
45056478
110157439
147441550
45201633
179256194
246639944
109707628
158155503
77536500
49584355
236340288
121911927
109167743
195679460
116113181
52070601
89520036
211015838
17161346
277392924
204297265
263239322
11514883
114163652
268565699
69527753
49584355
266264468
127449681
210814985
57030218
116113181
216849910
139989133
139989133
26279128
