196853983
303625412
302820016
272379818
215104882
8431217
291943541
192274551
68095429
166336114
122343988
128968895
33296849
191069003
113514132
293316927
60326047
62913506
113018330
118032043
154542305
97568088
284578368
85621981
43409302
50996613
71405879
188368700
227389443
289499
261746313
64257237
160423738
21475960
264206376
289637985
269773570
276345308
52245774
114856597
143559379
95422836
28738520
4064243
58563430
157644851
135997759
158723041
175216021
141795653
90754802
101139373
282503746
44243089
97099591
207062579
176770472
242169139
245620695
269642367
122985093
7661331
44048508
16929614
6622401
82403352
122345198
148854928
183158080
232507808
227573927
40622290
79367542
141486714
56507695
54550477
236020777
234789295
157549768
133468489
244518671
244453334
65383018
136373777
174560974
306138547
220399713
103714594
263202073
183239261
106065249
255015524
278825508
93409680
6002592
5109830
147201438
303430216
113018330
18597872
217338236
63703391
8074637
167870895
93834614
257903648
125118600
111728226
282836484
21927840
270282860
131849260
274316531
174064608
220490830
294940487
131911626
123149776
51104444
156015421
177876637
302040656
183319481
288896106
204198286
160448569
292171475
34075652
181385653
274194588
297577239
154627152
246081286
139514455
1614724
25375979
26236085
172132121
80979110
304942028
18395740
44578897
56606778
149495163
83293677
304208157
150302663
154481887
114080898
133676050
89962634
63628599
114075142
168958747
186699726
286104017
152514028
128841437
46065549
27601738
145103602
112031451
93472130
143404085
289064308
243867812
105543727
43403636
151853380
8036352
268253682
134927065
103731949
232349975
78985022
179837236
302775623
154653662
21297122
212255710
301277010
146481465
155622651
201888367
28795725
84146161
37308502
253142595
120616414
122325079
21769928
46042896
97405307
210303374
274194588
222043296
211716200
62751686
26236085
131329713
244056886
10419139
305116353
148514949
65359206
139953650
293855723
77252671
272379818
217601807
282459975
170960691
199337800
283721740
46290600
287281248
140844580
8130423
101879834
66277047
129684426
15427136
43720299
122985093
122915775
35657334
139151776
167754753
89585805
212807490
162422045
124871587
54168500
260113770
124967892
206787684
111440028
96039665
244056886
81804735
89157115
117747640
227074958
249665855
250002626
303074750
113589350
122405607
283109605
138418826
129622427
139525802
188711914
231518869
260782384
90660630
170636007
122408870
41913401
131991783
290295820
266277205
223648289
220981823
177739841
188714716
290748353
20728765
249762021
45616395
145530549
131016964
216909495
97982488
241231316
289547179
23077195
17402016
264075830
281701749
15523739
5908461
57159214
235809411
232539754
83218048
240719407
27210620
1346774
260222786
20656134
113635228
57515242
45112374
157570413
13168464
98058421
161677864
173733923
178879217
224756286
55284666
155361419
59987837
209933942
216853250
86486555
84972580
295966374
246830984
228222285
118895762
249246171
257478861
110424325
228838098
261805257
214737558
244810649
274194588
192550066
21022721
244327377
174388352
215923335
111640087
244893866
245254180
77777999
139953650
249134294
264396778
228020942
145060241
228102717
284404571
144711852
262121163
174958021
295005995
87363671
186586584
33758020
199015569
9139845
110424325
251285381
92189236
93321953
302326670
289068454
145874818
27829901
223556334
85274573
63227121
142692628
68637759
155726796
290295820
125827921
159777226
57899282
51353928
301938957
56691809
48755889
61727977
225476719
232703972
146172641
251352947
36795049
113365332
162217161
42560881
227751406
115169912
151393670
54483837
228291965
40645076
291972936
120469242
157412921
241034085
171091974
262946945
161677864
114299673
130770311
178136068
272392859
68654613
30240368
231129703
92507585
185201620
212287573
113271707
130620815
257008737
243391999
107514797
251352975
283858939
173116823
206120402
6527866
237246109
76916447
145618398
2444915
35133918
196888142
141178833
252100825
185832904
260085770
59923966
39362827
187773715
261388090
42644397
227978772
213688486
236344763
100185298
207263222
217048815
28544481
302816201
71211408
183211452
192621228
218991251
111918650
41997654
5805182
197742643
271341377
227074958
215108648
115355404
251808985
198694218
93120025
6633601
302545720
132040077
178136068
117741357
292855333
199358334
8940510
76083293
69807199
149586026
2780062
172182408
245590337
80280972
82435064
16029281
135573183
281384838
26183175
28553131
167255495
283858939
46290600
265678301
61014180
20677738
248523823
83218048
44655125
177029334
65287498
184325242
63390244
210286304
177711835
50474063
123486671
128715954
233890028
300657865
28795725
283549040
122288175
81669295
60587370
104165110
71597307
48720197
170290180
175725542
189071093
21281640
152197647
286846735
128715954
54824991
303177819
26788588
119960840
122288175
203086038
286769403
286769403
274360406
