257199079
249923501
157173819
74361606
361853721
52945041
240168464
121146681
60017089
99243892
61267378
382792231
68090819
369201251
177115506
65833225
374878971
211920829
180316681
7860779
17007783
53676725
275868374
143866013
284781321
136587307
50320132
110849183
131492069
241795945
296345589
309301215
60691242
58954936
303861864
297442809
163614564
232111350
70713205
38804468
297921634
116535554
123397736
153829488
105716837
209084109
221029227
242223747
8097029
141920219
238295678
180682627
303797303
352014581
244924591
379371807
20392980
227840911
287943211
310082210
67251768
383183351
333971803
216159148
7254581
184237384
255169390
192466879
125156404
282951706
152428994
83139780
23683053
137727468
149932960
358824684
10575351
192058196
179667840
172211281
336720896
348201265
243610063
188474260
37358545
283817466
64166609
223287380
119865347
154502243
295697546
200333238
64019335
191535816
18886749
344713478
384908672
302549469
180316681
16921910
139840644
163324207
232391674
299593957
172872637
252721772
223317082
288423152
212276266
72459129
192451521
384752495
333069858
253815961
281134826
156663735
101499952
305546842
163232736
107962458
332513163
340635927
389436157
244990878
350204911
80583546
23143369
115753231
291478587
292943658
78241451
172468534
159627789
317672219
97945461
374748174
255969221
338373668
367193673
23587622
308388251
110082585
342444851
100552130
365668380
201548496
238649248
274980477
245061167
48739201
247926145
58478775
1586816
126657348
369678411
120156686
360962379
354395747
337135815
206871495
385414681
112765328
124481018
30539840
337071193
157226414
148046084
291300645
303093794
69491819
132300355
34108088
174706363
157898308
5056678
384976356
57408227
161633519
216307262
101765021
50674236
287402020
95393426
134717886
69396483
204160132
45071443
117436327
230420638
345871669
6407231
383096323
260649099
260601902
292943658
56414284
310065919
272173575
255969221
6604563
199739230
23414832
45730633
328419287
295087632
86136246
256862170
337031372
74361606
131287075
258711453
114419182
112551287
32827717
328677352
382966718
210336904
194521696
39035516
293558636
256353944
183749736
12304577
67251768
283558199
69844125
320308082
197924053
109656383
183682056
241506396
203435189
160628382
184832586
16504884
305793195
312999802
181723269
199739230
351756849
345266867
103045151
373309395
57608657
259897376
108548566
308258573
142237252
127238349
195601917
330147159
231362892
31889152
381588704
391694132
183207883
302174455
115005532
174299451
195314733
49138205
156804563
299385457
197027085
381257276
78947265
221056588
232695474
309488488
146807946
319207942
127198490
270411434
257304031
223910371
66343663
18760035
202764044
194315204
220690258
260167251
102056459
10624418
305742953
165529909
97878585
293184817
218481660
206232081
258735846
189071733
351000567
182851036
124865835
29050475
250869960
335186648
363217951
297050832
318572754
119411862
194975421
333494778
104232271
227199782
317181376
4495525
95297828
179534154
169074442
124616643
62182888
127793539
44380872
315446357
392506463
312448854
64499991
97317573
292943658
19358630
359624016
250674830
291198412
312707204
342378001
13786391
336721131
85522048
86136246
213108440
7865288
330531009
337160709
25160597
185488658
263477780
67318208
76683447
149269304
381738048
103791032
52966125
116260341
360328545
315446357
135536145
70553808
127170620
206490104
315886499
89766731
38079023
119351124
334599160
42591141
241111565
311192645
4464892
49138205
294763469
218400559
366853982
221870540
218688322
35525595
97881586
240139328
54428983
212428382
150387039
2822875
341538719
140530043
190393098
176577211
259813299
90681549
78962395
364513109
305460659
13650858
311209857
258595572
18244179
85918363
246887571
135977872
363217951
46074416
112066210
113314075
247833001
93702557
217777047
139683817
282267838
68685487
364726389
321621919
176037651
157074988
145768870
315422233
185779691
140755556
320126211
5450424
42074016
362346753
182681977
363358849
376076580
272501681
319997714
385773002
288700603
309504173
17306389
232965302
72662115
277909336
47129236
149222540
358476785
348543734
184643312
194763002
13461772
35040753
254023438
72526633
32013210
221391370
55499278
13207907
6460071
82271380
133520497
282289523
159057224
373309395
111930849
161592706
235930755
316407192
376525554
10803386
318523483
27278341
113314075
288983570
234585906
245578440
14153409
347647644
140704036
313306397
345551804
9336445
178131469
56501820
170351831
99580803
148761106
283538188
309757718
146559861
318285271
140755556
328677352
357408305
309823122
163788585
289220374
97878585
78152257
259667953
210030338
30755369
113609024
174968599
350279119
205100855
197520119
104826259
84476348
303466161
69396483
165993430
249686457
347586589
178039039
68395308
286547263
116116182
218695356
238697472
158805245
222832222
253037547
110999938
104826259
271214201
151619840
104424122
379952031
249686457
67859108
311072030
311072030
147813235
