77279477
304539877
282857204
24366655
148621319
211535407
277851
345353272
280891481
66792786
199347856
333175611
248490976
132894222
55340575
37194508
353749917
325296498
75592878
67855754
336584673
140560021
170551007
39356964
19942970
255716863
70083330
92198642
339309941
266838212
146912986
163013489
22238225
67619328
225880468
334181747
63104821
299561608
375219085
342391232
380813063
146510943
132092655
135511245
89479662
121148051
105099066
271055158
252446783
10335660
158489015
390412371
164564369
247677973
386089015
231069906
304508977
219571744
164720777
381292505
88345035
367708650
105061688
160362293
310155869
55451279
18562017
206795381
47751749
173280776
369605141
377425946
212882930
130531562
192380165
343384045
339367000
390647528
7198920
269228883
87016105
122787065
22685167
308749734
385390583
30649325
208598320
343994322
88420347
73137875
95489636
147065502
272799764
375487054
193635052
99419189
297866831
197700028
75592878
327601444
126208697
4866336
33229223
346702975
231652335
135113
344176900
42764115
267022802
284630092
6798003
111887449
330037967
158436222
367212294
33492774
207155562
246830011
309226483
119370014
162948655
389480904
46540756
79405405
36795402
43278850
392430827
276843542
206268780
182981434
27233000
203455775
45711982
94514172
251915806
8604626
370748660
13857174
216950999
179412433
274965164
217051039
240633089
334225960
388880013
60323947
181348614
74654966
375624924
351929965
43770981
159197659
229974683
19455860
309529186
183025784
245917954
91861007
278293333
303173795
306584622
103206419
252411519
314911810
241868614
392225245
189474645
392466107
40445603
140562692
366229435
205271912
260792378
50218406
230995747
283960721
219127504
143097232
37973097
143915312
40704247
176231165
299873577
312115859
146585514
84113136
291187136
95913484
53659202
331821739
57205467
112806836
335283608
137392351
182981434
22865985
70533148
153147016
370748660
362804606
308816054
226615952
213563688
99797845
116348681
344016093
19761151
343145359
24366655
102869135
373957603
63041554
34580753
373801116
252694936
383376741
367405992
225359918
123163745
362334416
49811291
352449756
385847966
88345035
81460556
307183867
242134929
356590177
93619424
62562517
312355938
300835592
319778420
143574012
161055485
258553020
297562711
22652797
308816054
253677680
199138194
249113925
3172228
139800191
327138187
198074931
176378396
152052180
216087672
156176363
193287581
94777765
13394294
283554820
194733122
248075956
236226494
22785804
76926694
384606214
325049648
358377027
370800896
154114515
37366749
293330136
27920206
232621356
359083401
235540447
31013876
94188946
294704474
39945055
390049128
110732466
325845536
160065329
392850721
206077580
118890138
109032435
28292648
120696842
303248940
387847611
287360055
308461112
184700645
195428545
95708712
242844940
287541333
178136052
11783870
264989461
18274993
78988228
239990855
82123264
138786512
123781716
267780576
11085330
217908288
3555223
325641435
220588576
306820325
380215464
164000460
121505772
378964786
215146086
56252645
301983061
382645098
91729724
370521591
182981434
381553697
54068606
31492731
313654267
345006475
332651712
159283120
326711113
14396
344016093
265991935
379863127
352443089
50583539
49524136
352220696
373614213
246679109
357075267
265868320
104210177
249017221
246919945
282778394
238196069
56252645
184666716
131779102
320131987
251144784
392592701
280382706
140000155
383254010
360115348
253049622
243367540
2716562
251951105
325049648
140195727
65126080
385614876
349695108
40578273
163613389
95944230
216707085
243509996
205441283
116321774
279493874
262149341
87843039
370673788
360267271
266640677
95100722
27786611
208715876
391871575
202973297
43333605
18399710
57457261
219518016
284680420
361912364
78988228
37515219
327626520
361020936
335483571
21795455
62926156
353434904
332914532
142796236
176310809
300551066
51965200
48677421
92809201
271776447
19910084
115319084
318023231
242649323
344999299
177551871
62602729
381965994
89338021
88306408
270275883
378928042
355010220
300896820
209611338
303223699
12080358
364351606
295748965
366439344
78983904
24847159
263154044
87633099
221957197
378194472
156450412
2627113
37732675
27384895
285109746
224325871
374069938
136739720
392278200
113233735
243337914
3172228
1480770
141562869
354951109
179098613
252310927
131900298
342066128
201152339
361020936
81384419
63904008
324242756
314076721
133333340
202768663
2551133
157557136
201253891
203417262
219079288
67637809
217295664
368075237
297078968
83214395
266066561
286885978
115319084
252694936
151234698
31358849
126962752
392386539
387847611
127552690
18044611
349234613
236959101
324981195
77384208
179842050
2087041
9144932
355127102
63970777
94320263
146585514
211035971
280657860
321936058
65580853
242452900
108928067
24848651
289849448
232202274
303732616
12551184
199556932
233374723
355127102
156393906
133861803
180161718
1400941
280657860
186940109
197945062
197945062
376186115
