6017896
93430288
25069166
140237449
129300312
182616374
88363904
154020078
169422085
279566226
288243164
119613390
166716371
117742604
3937063
109862032
399771484
251195151
348421502
233467699
152607030
1357939
348790007
146574268
248163268
384876640
200992564
330439178
219648266
207659423
98721738
205652761
377803616
222373119
182650657
200822037
36388713
313036085
245710130
94928360
205440808
112814238
373872412
383817643
258424087
83565023
118201552
358845020
44599423
250217152
272110927
226433692
394370074
158911152
181580213
117591342
109602228
192733384
179709715
308592741
195885839
371850890
111621952
243971270
384703220
380844125
344842091
382886917
323003007
323138130
102072456
332255403
43100076
3823386
55678644
388070552
161189034
396699771
173720087
250639640
388919058
174459819
252123551
242348682
291027762
298769350
7414671
255107593
278103202
369621145
191544973
51713638
128264508
34858346
337953964
337817791
308871749
91468210
348421502
38955212
261625472
336729799
73235647
230784437
90461289
8045332
253675970
157512545
133148025
320748111
162873213
320344348
88875318
171460269
292024858
10682449
15992775
101764105
46502383
320032228
44152084
71333389
299209437
89717941
34309814
234301285
341294086
275162942
365291766
275561150
44454122
333587668
83244892
259984572
23947944
352025407
25808132
65375975
392773757
335942514
146790574
243990776
259704262
85405680
365872528
252106508
368941667
113430406
38029806
169208987
180144659
220354239
79391337
145829187
66191183
74398210
258915870
224772809
80629019
129283636
59050925
301192117
136363262
310284315
131222913
160197800
173421592
103690213
188789567
19159596
215472334
22699403
266428702
15036377
383378562
402838354
206732358
225843585
47028745
39276251
180459342
358761645
137543976
68285417
187923074
238672647
378494057
208822782
274869983
200101869
84084477
14654826
202383624
257999315
275561150
124771680
391952706
295831776
25808132
370502293
178539229
301100874
382650249
360181493
178058016
2128461
31125989
287697018
140237449
303855675
15679138
194053232
321137748
35349776
345036467
239585005
151426668
33417218
24536682
308674629
322839335
357158971
225463374
195885839
393265606
169988043
15293461
48971641
347561639
173802226
189455435
66282583
341496788
235896446
252569481
287261684
25994239
211937690
178539229
95571646
163392665
3107905
148039120
270129035
344564559
253554879
355433839
227254933
293477469
370934691
42860482
100534866
135870690
53503973
99786995
304478799
253533348
214326688
103219859
399567951
85176518
162823969
143388048
250746398
348328545
87100710
246839858
311594426
300160834
225738987
391583436
356585148
386930088
106195466
387886042
376660569
261275907
325691938
188384022
383503997
341296470
61669136
208134992
303944222
107612069
5304540
276399672
84624365
347430434
298969436
352740571
44669556
403555621
121590599
12359943
333766596
180278756
193497646
69534649
95293647
52844837
115885706
124462124
18026329
188867750
172692554
243441536
260943005
376536075
193638586
24844410
159886323
33436150
245664571
222312692
126287326
286218488
116646825
282882422
275561150
31399594
143065012
60224175
129589741
163048768
346713561
220140801
210484804
373431817
2128461
239474750
263588876
260834756
193248361
58583595
159882870
370960975
369383433
96396775
122585549
128602595
237750873
382686497
72614505
400267348
222312692
112963918
267956585
364966840
78540461
318125731
83922612
222069107
129631167
50246430
115024415
198360508
394797976
166186266
85176518
163287162
106891082
71475702
90144059
323063638
52539099
314446843
105773939
198660636
180036968
89832871
117599052
391872545
276716448
171015458
302077732
364646799
276411504
199558495
240567336
394154545
25906193
350085608
212143085
92195733
105467471
288944152
104122352
193497646
161277893
212922343
388111974
381957508
171910660
130341024
370381881
14283952
323242546
190777394
353239747
372433575
191362574
391596275
260208867
227938082
281280547
137958223
379963721
280742795
210306961
339261545
56380881
286759206
389497662
89453658
208668868
53990944
85240924
196574831
76257104
15197487
398283562
365459058
96907882
275924892
154120680
257397091
290946661
118236594
285779095
252403926
325425569
50610552
70848202
62649094
12708450
325607704
36377116
207616238
335666345
202093523
148039120
21508924
275146709
226884404
24203280
342490194
245902052
25780056
110639567
388111974
176993199
241731804
154606974
370103913
255193563
149925846
333639456
272525942
166372664
217350426
361079261
20771934
328758576
369156881
347734053
97928340
101735757
248137551
281280547
345036467
343762935
263549489
259362420
101248019
5304540
117260876
250572367
374194896
345702130
49763405
129729006
309790309
52567166
370137683
140272685
328078718
326459703
187923074
362965039
263273714
58226270
131623523
241066311
340194895
58081165
296784201
378646502
246247082
104032563
100273057
323454697
140272685
480258
323140340
103581419
86384753
263273714
183783707
273699230
273699230
238845866
