52484638
334889600
188154401
192292996
198562586
234494899
378083079
217418903
298097411
369147835
264804217
397854854
349546605
60658147
73703222
213101836
400883283
394241366
112315489
33312676
107586846
371524337
84089396
181019736
8345980
314147363
20987737
143535814
133643946
194059992
293071611
284036470
312614952
385251152
49401352
25298294
251905730
27231232
351129467
5158653
326346092
211648864
209213795
192721786
344881664
342511431
190778251
16957241
169695973
250924078
263472575
286788728
193992953
196797252
332980081
387119009
2396258
29918498
223816792
272139697
255002818
110610995
183274740
141881991
59691742
20310010
329041132
108176583
322006737
258213539
283399646
189263379
391470395
84241784
267766313
214199734
263339804
335031770
364653804
280871476
115014394
44196214
269499390
266082129
88281488
257880589
393499793
160678042
214305522
216696495
195867702
334639173
222547661
403396218
28273575
126223785
85453399
174822873
112315489
134538435
116864927
276933617
77056575
143859864
294547341
381803609
271708536
364203201
164626247
185653386
121829994
115392042
248658441
285548449
11790739
149869920
296385066
355333235
218936981
331590560
9140417
92018564
275456062
60053347
40550540
118986419
111267937
131545326
134973502
327178649
215536618
170791462
308454559
332158215
2382663
241866781
200634764
215684807
329011584
170000482
232199135
46019304
66903095
14087765
195703461
54306346
384315597
328012560
102919122
72268989
75176652
375472773
320744213
235592873
133084923
50076073
308830569
103762089
37947399
314504749
102970405
60020380
293288700
169966931
295857389
333882460
365814807
83095271
128770812
114510482
144458635
16383428
49524817
40091362
123506877
59095309
369667713
201701197
236649701
150292400
46678358
295919038
245718265
313180263
315408650
270019654
328303572
208032361
75814420
189781166
109389385
263038235
128215491
353246795
327178649
216388382
23572401
292894336
200634764
37692501
264523091
58829228
395103809
261024176
48823020
331868176
389002225
119880764
192292996
39268662
169997783
75927710
91680739
46031844
163139580
363470566
38925656
275022657
140061916
293927845
66714373
260479005
395261602
255002818
240555534
32061435
402870937
312404423
376877180
54617628
23694101
60699993
186560010
102788039
284218512
307013138
95511430
139527989
264523091
374890974
188042072
151606634
46227586
247491334
110229952
48881249
267246932
138294749
359487983
346284437
294696578
283475312
343030137
140212556
96754237
392833751
152101596
310845492
7565147
61936887
25042341
125481466
130804170
384356187
214036531
328644909
129194854
50408911
205967289
159350311
354780944
13508356
111415865
118352799
238382313
8409894
207268924
111806566
363206076
368758715
376903519
68779416
272192302
301398899
323285665
221489312
170802140
165211734
329147783
234481359
135682178
347269141
52820244
48815263
84249132
216491177
185088049
71431257
375799356
265781420
377843811
35947432
123937758
350472801
340163851
141148522
210154589
282655648
176088700
108450019
244966908
396537710
26702825
83739019
112971911
185894227
104334346
196817486
267819348
327178649
367734271
295088479
341506702
402994437
106585907
156222920
274217875
257711047
175437019
331868176
36427756
207559740
158703424
99969430
135109890
216303833
121793310
112514288
221089667
185283141
51688277
207457207
327921240
137749229
123044356
112971911
236120756
251054539
150030324
191184686
202400295
245775868
128341750
32546526
403392691
216830897
321257946
147877979
281794133
25042341
328947469
26215379
217293617
375680149
366066426
41305775
279849025
315629371
141498469
91482943
296736468
224065981
24394425
252146955
222791500
328709875
340316674
384887467
281318209
12476244
350436258
305712375
127457
48665458
262220199
63292839
221813857
40301418
71431257
52595527
232875343
355002330
100827422
308921467
377480160
251822922
218965931
168745725
219145803
70656338
207994710
92579035
274959922
364433786
223107395
296898582
390018102
107495781
271210181
383879876
27272669
66501090
112903269
142041877
246385497
149765823
173141773
158234384
213182101
107031751
299235936
26780240
164664357
352578708
268656684
109183608
206453095
118666437
293302136
27261695
57731921
18579572
360128671
30463556
357615528
175009074
88554963
386721742
56802887
327200412
82231512
46227586
3766799
343529919
319462172
108317225
246611625
185177276
2664299
36232982
355002330
394500900
252560807
152590090
334359751
184202907
266816763
86621321
51919089
262873547
126950806
324311251
91676923
264569184
298016593
399981711
95054334
401981480
199003571
296898582
163139580
268511965
69441255
59197792
296636989
221489312
223219891
202091082
56541139
113058186
385412104
331014197
274784539
33618313
60847349
402190023
217482893
317605749
315408650
256922712
327239234
191482501
211438210
345495049
289061925
322247487
301265176
262466063
53621343
240050717
52672832
81334851
402190023
169239494
238839516
113532865
341806514
327239234
186154097
351923056
351923056
79401178
