215964412
211496422
379374183
172064311
255841621
291667829
7290886
174431658
224517784
327250121
229419969
165163501
38708432
71827295
203479939
132661209
53644944
5266296
237802684
157717334
345122270
149102320
384546576
99757253
43149447
94454475
361247282
172744817
225488142
47762177
253484038
317009565
17748893
214029092
268435721
67653112
8998470
395936670
114450047
2292941
225687725
207171430
357314629
90762896
21217001
315530353
303957634
15685295
140958737
406044768
231832987
415751911
407921285
240653358
66532340
135490797
256980867
150674780
373465909
379901603
133307337
418014021
40402953
144744991
315116133
282990705
284006602
127345079
129133053
200115567
410814947
102034505
220596431
137238850
80551928
90917780
360954082
341238564
87407751
288577868
87304869
34631638
194339236
338792812
196627208
241317297
249253404
128339812
131285338
38367221
71633127
220637433
182726234
226431200
174978725
8193891
301699048
313091635
237802684
80113647
250660380
307887273
173983826
301359788
400266715
341008317
165388455
8842226
5065685
30813600
220145407
245315468
206784279
415308393
43232438
60194993
206181871
148983359
289467708
277210086
85593862
218241577
102650930
331531892
186603196
244679880
256644434
153022778
249819983
378463365
26914385
192117798
71331822
22285481
175981248
28124207
140753021
236582808
13517496
70125656
352887914
7396889
39636085
153405029
73382957
168184653
307246689
89812951
35830054
217802573
89986615
230737252
419207087
253320863
291291651
374108218
76975760
192888967
330814856
400483697
286864657
367107822
162588104
407486707
311833592
300895875
195618626
111045459
288880854
369302287
356411403
153575131
42329380
263087834
283978432
110465808
380750598
267632275
7024889
202000050
227124151
339051287
105036291
389924829
177790627
287283847
367769446
220144507
57282534
292207075
153136861
23268826
72338414
331523048
378463365
138617716
413160112
150521766
140753021
172340612
137173480
30633102
18278416
108123114
286543214
302989403
391692440
267015136
172064311
387045348
35546561
395875611
158796759
237247884
312336897
117365295
202961110
333003780
204808973
41056464
255227689
18806926
8515660
133307337
152467661
142906444
160727716
68602195
261609570
393592730
158736894
90376258
165790883
147055601
337828750
226033044
265128699
335849366
137173480
66974435
348106034
228318847
158694821
300746956
329518007
338673252
151507975
161103286
262256167
253406313
107985093
65554681
361912949
166912311
343486826
236359624
76340230
289275345
147451539
55722991
153864496
59976934
360333273
39826025
142877268
340973408
402531384
51483899
48939576
237126664
250011498
367531856
255128395
261085369
354768397
195528968
42612136
196332806
359969848
215698544
292849736
278991594
135239257
282551929
150094666
413248291
354456186
88230136
387050722
230458450
39177681
360096019
75755995
37118101
357285871
416928123
45139101
255548037
326372263
366263188
346011364
136964429
308568619
363374189
288994820
326873699
3366195
28250349
334902
214139500
56046833
35309174
151124757
71531377
356859958
143539147
257388657
122500007
91708110
378463365
174056840
230437746
327020791
166722367
220473518
158234127
318321351
100089689
140905978
302989403
190729974
190262111
376656492
153011707
224494630
100614198
253714576
34812985
292848997
164645012
355752134
211723405
75531243
65495223
116639867
356859958
185708577
271480196
77404482
224621226
185948727
44032714
246152556
87396104
261961575
404970406
79857148
193480340
221029429
153864496
230179343
178719136
349144964
391924842
128163832
359189257
268884111
194448006
322101312
155535044
234905164
360250014
81483626
81391399
331452568
356074457
61650059
91408313
34900412
55412567
223024450
101061249
104160170
283896339
311098038
25110545
293101149
137709286
255548037
44472168
225792319
25328122
369581748
400485848
385524164
365414404
187310335
25249042
391728272
385265507
324231831
181039336
375245640
24641936
357706126
350640918
248092648
110483282
381075162
60417627
216154621
286626267
102482945
128051856
169334433
92622139
371110465
250284172
28841325
44317399
310463124
308938989
235958201
222437104
294501498
239120701
301084025
176245926
142697093
50160467
199425069
275064841
31124289
29503179
173640812
368122673
183652047
343877611
93979769
27263511
399822568
158694821
101308108
2645550
310667277
227759129
322933015
60242557
237366670
240966777
25328122
192668585
13646720
391047886
263052253
122888791
84249414
244475671
304491351
80502308
400193001
345069018
126651350
60363932
310742355
228404201
43071653
180672395
411891395
350640918
312336897
88653832
185265266
384694427
236863495
413248291
284717767
315827277
374458881
233692184
374737216
179151625
95265831
270952779
349360092
286778135
411566448
417729694
177790627
85124187
62053189
27050209
291316403
285454086
399413064
184246364
75245871
349974682
245656201
135448648
58231772
359327766
286778135
341964905
418878628
151657694
319169151
62053189
225807982
113224406
113224406
202557896
