293956054
94856555
79085831
156511983
298866796
16847022
135115050
243657276
338294279
251226497
77815812
141521620
36065953
119510263
45546633
61493321
172670945
197731868
274852801
265866038
155070560
279926816
282784548
10540104
418957469
302321743
262159583
47612569
267887772
324151822
243537266
45012282
161943960
328648644
337665870
53224362
226720341
280467074
293052381
48668626
289996028
296991712
6949499
138093984
390841084
339777682
405262692
341189760
399850264
244612161
330458428
232573849
260811660
346224561
108078271
174352583
127144685
415436381
318197977
46326923
307280526
386096705
93815281
296440355
223421047
72372270
11292201
307913905
236404167
418423019
347609027
21917161
219005870
180319446
168536255
108414839
104901521
125619331
179245311
356057222
188265381
199792773
397427308
90510066
389073565
404497349
19003243
174453951
337326862
186733588
253998809
408790738
178392353
355811755
47126104
33733192
123814643
90516872
274852801
310899489
34596852
230339521
193988487
203911410
218871226
156671026
403943733
25357239
219456068
288172102
116752391
372385224
248394304
186416076
219195087
151601989
100880021
270943565
289110137
55463778
415173121
263931800
248643710
349235994
154477742
143672711
319869212
207929292
358365067
11441213
45319579
188878071
1429400
53918219
307125157
298365315
231886376
101822369
141040559
15652137
32544982
251962204
66431403
159752923
145075989
87817060
373538437
375147624
396200253
253951376
336435937
361927439
377283894
68007320
408367850
83765848
1301383
21489012
96538747
339338175
56790030
108936373
190551624
282056514
51085199
296096241
4542813
43198850
261611388
207787715
354944409
18170431
205077340
159336211
99107320
22865300
330604365
365503170
217493117
11498125
24095129
173933625
174621547
357329559
240097729
48755923
307290391
208427492
97525844
44613138
181225380
101290508
356386593
305366161
11441213
67852180
27316899
121997559
231886376
178582666
267918929
248966609
9630146
294027280
114062829
72126520
313476407
146897461
156511983
417737950
181321747
140330648
22936956
139047441
385538060
370212651
311494338
343387661
39714277
126416857
360263026
387232175
94918986
307280526
287211332
266055122
313968798
9823878
39372432
58210350
365656335
344527481
66898482
54152211
241094816
211399402
412625663
96092739
267918929
409520144
108616855
392901824
76344320
350624793
385489073
133604713
103213550
260342940
369690714
271698542
406655833
346961704
286316064
75972518
123174085
53959763
282917604
218206188
114385734
58315153
395961620
261549884
103597344
169003498
153842552
65626136
79562982
93091072
79926640
16673697
125924599
284904938
282580506
240785690
354769546
167847196
97881615
249074849
110744871
336020437
279997277
116564692
60259955
358541072
80568456
299362470
404580325
324248217
77350428
192082973
41514091
27972956
346403729
246794282
219804023
298751437
118416690
215536063
164269716
18417255
318070886
272094719
32862360
175445606
283059719
34179275
110285632
400503060
335902782
247804155
70567228
3604218
339837677
68212850
385268463
168084567
1800396
75328435
184494020
11441213
393012034
414497492
50961556
255222008
84051965
375980629
300878589
87637768
53183958
72126520
301509719
61799085
190705595
272416404
357364502
401015744
378873184
386144424
117217950
204617834
209879974
207370829
374786714
107939057
311988048
385268463
338818538
304074396
236372872
29336424
309027628
81071390
283960372
341750528
173542712
242888922
410272125
308587030
76954542
395961620
366985884
114499423
84259918
231321763
10788840
237403382
389415823
32637914
332182698
64929205
367497127
45901779
199619840
310960193
128825320
220498061
268302688
64091085
410977908
303315686
15515453
122050442
124262425
44137230
108160727
363840812
84439523
89381538
215536063
210352833
129210316
392137511
332650411
115361527
227252239
32137984
17655727
222108003
192202435
157487688
59779985
1819482
48721321
116713896
97920293
273695192
321647952
199809613
104238163
246110584
343302396
313530183
287836676
69735140
204290859
267204425
96141661
137693015
22671586
303414569
82951102
276979249
365242727
21299384
393167328
227709266
291286532
218581779
287502570
402001056
137462490
283569487
348375086
339441837
177847524
341853193
244001827
360160076
76221719
301260938
74304024
76344320
69797303
8961596
383718580
96262493
320466554
247077665
45212261
29069626
392137511
299611446
83237724
43215015
250507295
74171222
36355862
340161439
298434795
49328357
266629072
165478358
39465923
6429825
293731796
379923362
255778310
25582297
408254149
273695192
385538060
250081022
113986208
258648613
119948211
299362470
354900113
182484170
53083152
406109970
290875743
243231562
92626309
402913105
56939767
409000568
65067837
269533717
240097729
11408283
45170281
375882147
113250609
164984123
378522797
301800844
343582469
40564879
8736895
181149625
368239641
314101625
409000568
141367677
250742003
265912240
145704281
45170281
265676853
309086990
309086990
163990559
