437282549
351638490
289403934
361769151
225653668
212271771
561878388
261777823
287591683
32869151
130300732
464987701
281648544
267707216
151235002
381678505
154154963
513616850
336137814
202586809
39016509
322291077
396619812
260570733
306415250
432086116
515176073
573665184
443089360
250806722
243661035
221997324
321139524
253299992
366812611
370749491
209581142
204613999
295737887
331479231
495447438
533133407
299779
157870271
227989014
165345812
431328164
422875014
374889763
368178882
51861075
184821762
89004849
296256357
457005876
202215766
136856657
380478323
385224765
349990075
162476087
416930370
119377951
213191009
375179984
189651988
506686595
432048668
367021571
328157234
349206711
317826330
354697317
563219226
130450970
197061490
210051678
530015700
260690142
559181113
322078079
337685461
217521672
58290078
22361291
166059537
536790469
37380423
62575096
86595452
500437497
238096536
72705365
58278214
340498083
149747727
278853349
342602279
336137814
343668954
497882118
597532428
222272368
193985601
368732482
291615528
68223360
288213396
133460413
560642445
542839251
79414346
594599992
557406531
529238498
342309588
247579123
571962433
475949722
259882012
384872544
316287136
62228378
247425489
267376036
114047687
591778355
348360454
524364332
487741736
281762503
59301401
351983401
311358030
473578471
392674612
18053447
339318789
384866920
334539814
207810466
42402417
135876600
458453245
446706452
583845088
495511201
457239853
169007837
324333890
499085935
30143051
1842547
262243705
219603838
83639058
282800281
513938847
215370012
415737478
3898536
422310121
14603634
199295578
497420153
567230955
163073204
340335872
439307098
340094254
470701925
434990679
14802054
441224093
586325698
506675393
481179677
263996923
374928730
589284208
107075041
223510785
557857247
224962476
441946797
427238270
376788765
147037666
479308048
347228660
204833356
143308063
2097300
514432936
487741736
99682953
225603106
57937030
18053447
273279648
39601880
262712329
16964156
442791143
344012113
311780054
189923124
295640043
361769151
596972475
166758744
187591631
91218170
120323565
128325564
106895121
507184641
151056000
238947476
65078757
423196645
566654748
568292780
162476087
210476039
215761984
389338769
158471894
376595884
272561963
245871795
295957067
581851009
238788386
165576151
416224814
500723833
107004347
39601880
151175465
245848064
543460825
256199448
178686365
80083270
34933493
412783003
530630588
67580641
107904429
70357707
89106902
467112995
26666523
118525855
249315237
325494335
523464906
580382901
56509715
291490215
441673366
6566983
333564089
489732183
302430653
527393839
573278183
301671401
159149255
536164652
515550697
13606737
142970771
192208571
276399004
140437675
122209979
280277223
480320239
133373815
350072083
576263698
311552436
21494322
318248791
409485320
409874558
81730149
484769223
479764659
358525304
282976204
273132250
509994441
411005949
192003903
481616096
530518082
212653128
505470223
250094147
84056661
243737139
306773234
378536918
217542079
251865996
175705801
266756996
25682171
567462681
482895895
593044066
260767513
527190367
391060179
65857381
44593111
487741736
440812813
568854551
530504083
519596681
384355529
509652394
220037707
559672869
73903449
311780054
462099432
36607994
528025296
215043309
383362379
190088871
24587690
467972315
486977879
145376806
492463115
167224391
479976542
570801604
364574635
260767513
543980990
85622449
293250852
376268609
375444302
404476413
232740849
483035456
296712598
530364824
4232495
366203337
558326112
291490215
251781649
52493286
354098319
18652866
489054255
165396963
404010153
56979065
247154153
325351181
466507095
321522496
454391948
318572954
432219416
492124490
77854763
25814451
27641121
495792537
362062242
296781693
412066466
123811802
429515017
585719031
243103229
140772150
481616096
13434917
571364200
371025231
287824410
330662966
183156998
49840074
170986479
286022316
195068095
458012444
281221410
227482916
375092473
565568249
565267699
264334114
339109342
120881931
591656844
346324988
82709722
395068065
281710758
245630362
178329847
421952043
285726881
39249471
154646415
423175990
207816759
25904028
215859690
27682212
404745831
361696380
356809985
499377742
156743669
54551200
523077067
191019064
195260790
105366615
400114124
518989657
166145697
116873030
461446724
399757851
140297108
256199448
546781499
469884879
394188771
114101922
243789046
374653288
196959031
434276261
371025231
15111615
161653223
193070831
324717848
5466052
422910233
146057710
32008338
2800885
210128326
254470500
563078704
66644648
465668511
271408331
347464634
375148943
291481406
264334114
128325564
242557558
102492307
510241097
289285245
318248791
375944459
37832074
511872800
177029346
531193211
112289922
29591559
515571121
170853818
242698632
358816801
171232265
441946797
406281609
579169434
306768261
551249463
529768522
255577467
102274555
338872128
497481476
287581268
148360807
303249422
386166620
242698632
26211873
224535205
354117773
338045257
579169434
61490151
303429326
303429326
502181517
