487830590
359012308
54676835
91973619
251881144
148539112
185467436
494022290
551062633
154112759
132911212
208369524
451441984
56714164
362407738
132173579
287552836
190053613
149852092
51036381
568335256
322369288
137327830
307147281
374927831
274771483
496728245
572003224
131590845
118336016
225489843
12996040
384070617
433987114
287515944
587230754
257683316
296490670
552164058
173010671
534751922
336354087
23204864
241395027
453255581
441070763
539924256
529939639
312301188
321540703
538026600
153556897
522991463
251204145
191571758
95842640
98565361
6241132
511554446
60627653
455461188
370475552
508867537
161246227
403798357
531033531
195797110
33907628
136791612
471172159
26847553
255759398
53147386
573175392
70967046
15084736
19614623
296629218
36712364
403711360
242814541
45201740
26642479
406672365
103822880
204132999
70363764
409065851
144398681
446233300
503328082
427989305
309080298
167038344
357074302
387018324
593674712
301138344
149852092
240791694
585330868
377897015
540298407
107465074
330447291
369576458
258848050
563892928
174741243
540396250
141819069
570339730
138419861
357624425
365388124
307328505
317647743
352920655
476401792
434483611
401979289
234493874
212119594
181512332
390316539
500009949
147213162
101925913
381229851
226828841
574911264
312225333
193822074
536559850
432856628
23766006
510619295
538409883
402304363
376216149
103898708
336751350
333794684
133660567
580359220
271216072
527750336
176306659
117489508
66600708
289536885
10789647
386896498
546058883
198850248
176777577
468219605
576911425
427564031
589293358
384964794
584147211
8866371
15910613
69258529
366515663
401522718
566497943
211387441
454655901
150490954
473479611
231448923
144367110
316873345
207310413
140437843
177129059
369184719
463696367
491309896
304279022
88186723
244874674
260515250
209599254
589472638
266082967
556645121
295853476
287241550
127842416
506505792
75297010
226828841
144877650
439001993
218227602
510619295
567013289
414597047
456201451
354418380
78574796
586278119
327261249
344073437
262543600
91973619
289291994
403495117
51827785
480439455
315937278
415073112
105012190
40715933
132714354
455057852
116132451
251994239
272532248
432002747
455461188
434827631
550479717
208535380
149735246
550078600
60853129
161426841
445345946
264559525
375291516
110384981
239384304
233893202
381965748
414597047
318182767
486562034
108629880
557806337
126540362
37903064
185923767
219712286
190521196
268906581
127042123
513617202
244110306
477293222
355107926
120974804
532165741
420472296
249883908
76287875
383748279
537761900
229528136
514359118
393494583
279679765
169929036
453538994
105706266
12426933
267994032
380736754
316293636
265689010
475596504
314324739
62988949
509878910
138995174
485727172
36542545
207806079
584801764
254956938
475796285
425741409
554144650
231286174
62848788
316648925
530802005
120174914
244959394
519465676
255830473
156878343
237201176
492798459
46503526
261121913
225048108
527992940
349971302
530264094
457375064
499484160
76229935
86575733
444461128
328066798
12794548
568199629
387624239
458932663
501511
408890110
273947608
23017860
95700924
338144337
226828841
382075693
579931316
522756602
91121590
20463950
584886551
131509164
221512596
383820815
327261249
466284824
401008903
364361138
342379434
269548604
141454346
419449184
24131963
121889791
388754160
472959406
234945297
191856964
404640994
331586526
408890110
428792758
197079339
546163329
495005283
453785188
590920280
161321831
143729701
537344477
466626205
502152651
164170742
348992607
537761900
345310503
183394864
199045066
283829313
86226388
409080117
333862013
586703102
128759852
148763010
317772884
391934690
90991335
317660654
123960270
443116984
312056914
142163300
152470161
7053015
507849172
522634516
245066411
141153008
102541518
63842858
423656732
384521412
46503526
448778421
488575805
154463567
482138249
431344413
490584588
599241894
315139073
169947398
19177929
203806832
485259956
267223174
583275484
348910052
99671316
590074763
254782267
307967470
37150370
595453774
59597766
500591156
463219743
551245077
176803445
93478689
469932830
388747834
350293515
430647399
547981479
403227290
185467981
38340305
499551744
295878240
160006929
438985970
535635135
295800785
195030212
317261279
155192730
423806596
397068706
435322748
469189471
554993696
353198949
469121134
402320194
557806337
70012182
339997724
331163784
370425352
101789400
452451933
212463622
493877120
154463567
501591567
444152577
455119687
470515237
566820958
444346897
273035014
101569412
204121796
226274749
482533252
371735673
153090721
577515048
489233258
277798474
386604841
86173302
590074763
415073112
589353034
17295324
582930916
50757569
554144650
565922913
367686959
137324086
414855667
431266831
210545527
325807527
111755532
419110543
533056956
328914306
277697943
260515250
55881635
467307884
205092866
90638493
137317730
307998183
501527291
574205408
567132590
420312728
279734500
375622574
191245521
533056956
460420247
220357204
524812654
225436102
467307884
419352898
171996614
171996614
540885297
